<?xml version="1.0"?>
<opencv_storage>
<img_shape type_id="opencv-matrix">
  <rows>2</rows>
  <cols>1</cols>
  <dt>d</dt>
  <data>
    1024. 1280.</data></img_shape>
<rms>0.39385613572278666</rms>
<cam_int type_id="opencv-matrix">
  <rows>3</rows>
  <cols>3</cols>
  <dt>d</dt>
  <data>
    3452.3929064266003 0. 587.17315272174631 0. 3449.9242925654967
    521.44602345731005 0. 0. 1.</data></cam_int>
<cam_dist type_id="opencv-matrix">
  <rows>1</rows>
  <cols>5</cols>
  <dt>d</dt>
  <data>
    -0.22226533654865377 -0.86613132976981155 -0.00072783917942754702
    -0.0016883925359290511 3.1254111179056254</data></cam_dist>
<proj_int type_id="opencv-matrix">
  <rows>3</rows>
  <cols>3</cols>
  <dt>d</dt>
  <data>
    1944.0739990966615 0. 455.53630586916557 0. 1932.7099982822863
    730.82079959417047 0. 0. 1.</data></proj_int>
<proj_dist type_id="opencv-matrix">
  <rows>1</rows>
  <cols>5</cols>
  <dt>d</dt>
  <data>
    -0.088578810522993226 0.97242713661156333 -0.0014357916126977273
    -0.008372265171119022 -6.256465599008707</data></proj_dist>
<rotation type_id="opencv-matrix">
  <rows>3</rows>
  <cols>3</cols>
  <dt>d</dt>
  <data>
    0.99892493868658272 0.014931681806258638 -0.043886350365958157
    -0.012477228228812989 0.99837076673020342 0.055678819260755658
    0.044646227676401765 -0.055071381106545969 0.99748376294418173</data></rotation>
<translation type_id="opencv-matrix">
  <rows>3</rows>
  <cols>1</cols>
  <dt>d</dt>
  <data>
    89.885725540531524 -637.94935266236337 -146.98399405887946</data></translation>
</opencv_storage>
